      1      1     0.100000040895531606E+001
      2      1    -0.631028967745805858E-006
      3      1     0.209666552564158311E-006
      4      1     0.642100417280744296E-007
      5      1     0.395640498140892305E-008
      6      1     0.619435169824100740E-009
      7      1     0.563789654961510678E-007
      8      1    -0.563789654961510678E-007
      9      1    -0.563789654961510678E-007
     12      1     0.112757879833225203E-005
     13      1    -0.563789654961510678E-007
     14      1    -0.507410675254504895E-006
     15      1     0.608892776199354557E-006
     17      1    -0.563789654961510678E-007
     18      1    -0.204393213465436888E-008
     20      1     0.187833532691001892E-001
     26      1     0.362494102524582188E-015
     31      1     0.684625602804839369E-015
     36      1     0.868257475330124970E-015
     41      1     0.882947567734356301E-015
     46      1     0.759600724131053763E-015
     51      1     0.564117378366022805E-015
     56      1     0.363701124474419615E-015
     61      1     0.201005021199283709E-015
     66      1     0.914984974307694507E-016
     71      1     0.314760884271046227E-016
     76      1     0.734518930436163706E-017
     81      1     0.113071867423242395E-017
     86      1     0.123408833345587898E-018
     91      1     0.103010837321017196E-019
     96      1     0.683349332887184837E-021
    101      1     0.365932126657363989E-022
    106      1     0.158898122214224293E-023
    111      1     0.560826855501036975E-025
    116      1     0.161070181999570005E-026
    121      1     0.376456109551404403E-028
    126      1     0.717244288055356202E-030
      1      2    -0.142652730573899990E-003
      2      2     0.100014787087275203E+001
      3      2    -0.561360866413451731E-005
      4      2     0.475330750759894674E-006
      5      2    -0.572527625308794086E-008
      6      2    -0.177376264787199001E-007
      7      2     0.563789654961510678E-007
      8      2    -0.563789654961510678E-007
      9      2    -0.563789654961510678E-007
     11      2     0.851693661343272401E-014
     12      2     0.112757879833225203E-005
     13      2    -0.563789654961510678E-007
     14      2    -0.507410675254504895E-006
     15      2     0.608892776199354557E-006
     17      2    -0.563789654961510678E-007
     18      2     0.143774173011479407E-006
     20      2    -0.132125663757324197E+001
     26      2    -0.111448495560256096E-013
     27      2     0.173329666591781597E-011
     31      2    -0.207438470426531792E-013
     32      2     0.267703770262528492E-008
     36      2    -0.262404606778208312E-013
     37      2     0.632824878721294226E-006
     41      2    -0.267359139655924009E-013
     42      2     0.310791529045673087E-005
     46      2    -0.231467710937963807E-013
     47      2     0.315970680730970291E-006
     51      2    -0.174246942287285790E-013
     52      2     0.277975109597150508E-008
     56      2    -0.115555927728081697E-013
     57      2     0.144912797039875601E-010
     61      2    -0.678651267669617975E-014
     62      2     0.198412141751147494E-012
     66      2    -0.353564723546274805E-014
     67      2     0.102400930074818295E-013
     71      2    -0.163114786367007802E-014
     72      2     0.105988089195451808E-014
     76      2    -0.668199939891683976E-015
     77      2     0.130216558738220706E-015
     81      2    -0.246197537657750918E-015
     82      2     0.152358066153897085E-016
     86      2    -0.823274996572797299E-016
     87      2     0.155096199417570198E-017
     91      2    -0.249626962302946686E-016
     92      2     0.132167073370087592E-018
     96      2    -0.684142142206581726E-017
     97      2     0.927035529654956370E-020
    101      2    -0.169307327777353704E-017
    102      2     0.532585770778200545E-021
    106      2    -0.378131761753356290E-018
    107      2     0.249806121610313489E-022
    111      2    -0.762484231905841152E-019
    112      2     0.957683449825550100E-024
    116      2    -0.138867016611916900E-019
    117      2     0.300264557762581324E-025
    121      2    -0.228427622523009217E-020
    122      2     0.769575990908879097E-027
    126      2    -0.339661846823153888E-021
    127      2     0.161477910998446507E-028
      1      3     0.317213016387540805E-005
      2      3    -0.428883824497461319E-003
      3      3     0.105034355819225289E+001
      4      3    -0.499176718294620514E-001
      5      3    -0.939362507779151201E-007
      6      3    -0.299542222137461067E-007
      7      3     0.563789654961510678E-007
      8      3    -0.563789654961510678E-007
      9      3    -0.563789654961510678E-007
     11      3    -0.114399592229808000E-014
     12      3     0.112757879833225203E-005
     13      3    -0.563789654961510678E-007
     14      3    -0.507410675254504895E-006
     15      3     0.608892776199354557E-006
     17      3    -0.563789654961510678E-007
     18      3    -0.114480917545733995E-005
     20      3     0.105205793380737305E+002
     27      3    -0.188902452707973012E-011
     28      3     0.247366623712386198E-011
     32      3    -0.319180970542731798E-008
     33      3     0.426540474052217178E-007
     37      3    -0.836460401387739694E-006
     38      3     0.388850457966327721E-003
     42      3    -0.456479847343871370E-005
     43      3     0.381682813167572021E-001
     47      3    -0.516887723733816529E-006
     48      3     0.113198682665824907E-001
     52      3    -0.507646902292435698E-008
     53      3     0.374968803953379393E-004
     57      3    -0.296339064398409781E-010
     58      3     0.186516615485743387E-007
     62      3    -0.467690610631704695E-012
     63      3     0.163597052571517988E-010
     67      3    -0.332746830577438507E-013
     68      3     0.109959675913262599E-012
     72      3    -0.636213900572640823E-014
     73      3     0.500653392441346989E-014
     77      3    -0.183468331638994517E-014
     78      3     0.488109512118868605E-015
     82      3    -0.599768571599482679E-015
     83      3     0.544420103633656881E-016
     87      3    -0.195499174693232797E-015
     88      3     0.564556475613668004E-017
     92      3    -0.599676165598893155E-016
     93      3     0.504551222335907526E-018
     97      3    -0.168775549905155614E-016
     98      3     0.376454032675945720E-019
    102      3    -0.431869591606894409E-017
    103      3     0.231737920170676798E-020
    107      3    -0.100071979634420305E-017
    108      3     0.117254088763291106E-021
    112      3    -0.209944901814493994E-018
    113      3     0.487173042704995200E-023
    117      3    -0.398811335228318911E-019
    118      3     0.166265451980264408E-024
    122      3    -0.685766332018844909E-020
    123      3     0.466292291439438028E-026
    127      3    -0.106820096938084095E-020
    128      3     0.107494178916707297E-027
      1      4     0.967761479842010885E-006
      2      4    -0.124529105960391504E-005
      3      4    -0.753684043884277344E-001
      4      4     0.107537394762039207E+001
      5      4    -0.510940117237623781E-005
      6      4    -0.116327214527700602E-006
      7      4     0.563789654961510678E-007
      8      4    -0.563789654961510678E-007
      9      4    -0.563789654961510678E-007
     11      4     0.272600295777496297E-014
     12      4     0.112757879833225203E-005
     13      4    -0.563789654961510678E-007
     14      4    -0.507410675254504895E-006
     15      4     0.608892776199354557E-006
     17      4    -0.563789654961510678E-007
     18      4     0.324267784890253097E-005
     20      4    -0.297995758056640589E+002
     28      4    -0.269016406373445705E-011
     29      4     0.112414722983848101E-013
     33      4    -0.506217716633727832E-007
     34      4     0.239361583667923487E-013
     38      4    -0.510365935042500496E-003
     39      4     0.325834025288306711E-013
     43      4    -0.555267781019210815E-001
     44      4     0.350602522274784389E-013
     48      4    -0.182945020496845211E-001
     49      4     0.315009079747668314E-013
     53      4    -0.674733310006558895E-004
     54      4     0.238920313383721887E-013
     58      4    -0.374533684066591377E-007
     59      4     0.151069308701023312E-013
     63      4    -0.367619684693565318E-010
     64      4     0.767781834203756786E-014
     68      4    -0.287613466029568216E-012
     69      4     0.294564855363513289E-014
     73      4    -0.194082082219729192E-013
     74      4     0.809583079557345958E-015
     78      4    -0.385526368316436996E-014
     79      4     0.161233489133464494E-015
     83      4    -0.110598404824062200E-014
     84      4     0.245043984662708888E-016
     88      4    -0.348440343621975700E-015
     89      4     0.296271445434240394E-017
     93      4    -0.107626163565168902E-015
     94      4     0.291150101428225607E-018
     98      4    -0.310322828674127718E-016
     99      4     0.234646518233373398E-019
    103      4    -0.819353664160928416E-017
    104      4     0.155500221247487500E-020
    108      4    -0.196781883669118791E-017
    109      4     0.848367901854326028E-022
    113      4    -0.429009314786020313E-018
    114      4     0.381563184613264935E-023
    118      4    -0.848771577504310234E-019
    119      4     0.141551425895821611E-024
    123      4    -0.152402857984066893E-019
    124      4     0.433454723664448932E-026
    128      4    -0.248386363831887810E-020
    129      4     0.109603722207167596E-027
      1      5     0.206717402306821896E-006
      2      5    -0.346403510320669686E-006
      3      5     0.887100554791686591E-006
      4      5    -0.100485165603458903E-002
      5      5     0.100100738881155804E+001
      6      5    -0.322799951391061810E-005
      7      5     0.563789406271553228E-007
      8      5    -0.563789406271553228E-007
      9      5    -0.563789406271553228E-007
     12      5     0.112757879833225203E-005
     13      5    -0.563789406271553228E-007
     14      5    -0.507410675254504895E-006
     15      5     0.608892378295422532E-006
     17      5    -0.563789406271553228E-007
     18      5     0.914862141598860035E-006
     20      5    -0.840740871429443359E+001
     29      5    -0.497786219796209073E-013
     30      5     0.830178685669834271E-014
     34      5    -0.987808467835249449E-013
     35      5     0.189273679466073902E-013
     39      5    -0.132599823048778991E-012
     40      5     0.260057851175863501E-013
     44      5    -0.143927784187342089E-012
     45      5     0.276304383561333490E-013
     49      5    -0.133058820038500805E-012
     50      5     0.240613362838693814E-013
     54      5    -0.106559834740782604E-012
     55      5     0.172310523325908789E-013
     59      5    -0.739662237708715864E-013
     60      5     0.987515394435499461E-014
     64      5    -0.440263602484447514E-013
     65      5     0.434989704304299118E-014
     69      5    -0.222072387605701186E-013
     70      5     0.143717604819942196E-014
     74      5    -0.966208111240728085E-014
     75      5     0.359641083799992891E-015
     79      5    -0.383077087846156461E-014
     80      5     0.701133507323217233E-016
     84      5    -0.143666444029927997E-014
     85      5     0.109382641891255907E-016
     89      5    -0.507975611105534151E-015
     90      5     0.138871548010710092E-017
     94      5    -0.166574720080172502E-015
     95      5     0.144753660365847599E-018
     99      5    -0.500702350945698288E-016
    100      5     0.124376718672805894E-019
    104      5    -0.137157522248020598E-016
    105      5     0.882912512168963124E-021
    109      5    -0.341691353843098395E-017
    110      5     0.518144163606078988E-022
    114      5    -0.774006702742339974E-018
    115      5     0.251764090154290211E-023
    119      5    -0.159426758757984406E-018
    120      5     0.101331549858354595E-024
    124      5    -0.298685387228808327E-019
    125      5     0.338021043060172621E-026
    129      5    -0.509073444594129070E-020
    130      5     0.935515414919995799E-028
      1      6     0.147134244343760709E-006
      2      6    -0.126627810459467609E-006
      3      6     0.400821079438173911E-006
      4      6     0.181395171239273601E-005
      5      6    -0.104174599982798100E-002
      6      6     0.100103956693783402E+001
      7      6     0.563708972833865118E-007
      8      6    -0.563708972833865118E-007
      9      6    -0.563789654961510678E-007
     10      6    -0.808598153712036805E-011
     11      6    -0.454268614640939630E-013
     12      6     0.112742509372765198E-005
     13      6    -0.563789654961510678E-007
     14      6    -0.507337915678363061E-006
     15      6     0.608779600952402689E-006
     17      6    -0.563708972833865118E-007
     18      6     0.909531081560999155E-006
     20      6    -0.835841464996337891E+001
     30      6    -0.538784816728980070E-013
     35      6    -0.106586397694008499E-012
     40      6    -0.142017528379639904E-012
     45      6    -0.152537542059266703E-012
     50      6    -0.139097012987615701E-012
     55      6    -0.109454925591861997E-012
     60      6    -0.744616499535888376E-013
     65      6    -0.438977094962839792E-013
     70      6    -0.228267688225872904E-013
     75      6    -0.107803204568452505E-013
     80      6    -0.470964548826904861E-014
     85      6    -0.190612038109547795E-014
     90      6    -0.710139717483796590E-015
     95      6    -0.242128603137378023E-015
    100      6    -0.753043127402308978E-016
    105      6    -0.213379510814178988E-016
    110      6    -0.550568686019273795E-017
    115      6    -0.129418941560760291E-017
    120      6    -0.277187499483483590E-018
    125      6    -0.541063394626652979E-019
    130      6    -0.963051813630824820E-020
      1      7    -0.125934093375690298E-004
      2      7    -0.163457516464404789E-003
      3      7    -0.315771671012044007E-003
      4      7    -0.523881288245320320E-003
      5      7    -0.113866757601499598E-003
      6      7    -0.263736728811636601E-004
      7      7     0.100115623744204596E+001
      8      7    -0.102241244167089506E-002
      9      7    -0.146353841046220596E-006
     10      7     0.108917849138379097E-002
     11      7     0.669124565320089459E-004
     12      7     0.220355689525604213E-001
     13      7    -0.146353841046220596E-006
     14      7    -0.913479551672935486E-002
     15      7     0.158522911369800602E-001
     17      7    -0.102241244167089506E-002
     18      7     0.404581351176602766E-005
     19      7     0.669124565320089459E-004
     20      7    -0.373426361083984375E+002
      1      8    -0.418656563851982423E-004
      2      8    -0.159001729116425797E-006
      3      8    -0.158959721829887712E-006
      4      8    -0.158959721829887712E-006
      5      8    -0.158959721829887712E-006
      6      8    -0.158959721829887712E-006
      7      8    -0.407529878430068493E-004
      8      8     0.100005527652683690E+001
      9      8     0.417067349189892411E-004
     10      8    -0.630801332590635866E-005
     11      8     0.726177222531987439E-005
     12      8    -0.808751676231622696E-003
     13      8     0.417067349189892411E-004
     14      8     0.504750525578856468E-003
     15      8    -0.473388936370611191E-003
     17      8     0.552765268366783925E-004
     18      8     0.460626807807784578E-007
     19      8     0.726177222531987439E-005
     20      8    -0.440930485725402777E+000
      1      9    -0.123029712995048591E-005
      2      9    -0.123893777181916005E-011
      3      9    -0.203732434202218117E-017
      7      9    -0.123029803944518790E-005
      8      9     0.123029803944518790E-005
      9      9     0.100000123029803900E+001
     12      9    -0.246059644268825684E-004
     13      9     0.123029803944518790E-005
     14      9     0.110726814455119893E-004
     15      9    -0.132872237372794205E-004
     17      9     0.123029803944518790E-005
     18      9    -0.220047779997400994E-008
     20      9     0.202219672501087189E-001
      1     10    -0.754326379137637559E-008
      2     10    -0.754326379137637559E-006
      3     10    -0.150865253090160010E-005
      4     10    -0.253927373705664607E-005
      5     10    -0.508731716308830073E-006
      6     10    -0.754326379137637559E-007
      7     10     0.539396205567754805E-005
      8     10    -0.539396205567754805E-005
     10     10     0.100000539396205590E+001
     12     10     0.102485282695852207E-003
     14     10    -0.485456548631191321E-004
     15     10     0.755154615035280585E-004
     17     10    -0.539396205567754805E-005
     18     10     0.142087799304135793E-007
     20     10    -0.130575954914092990E+000
      1     11    -0.420341805806856428E-008
      2     11    -0.420341805806856428E-008
      3     11    -0.420341805806856428E-008
      4     11    -0.420341805806856428E-008
      5     11    -0.420341805806856428E-008
      6     11    -0.420341805806856428E-008
      7     11     0.252205190065524188E-007
      8     11     0.252205190065524188E-007
     11     11     0.100000002522051901E+001
     12     11     0.504410309076774865E-006
     14     11     0.252205154538387380E-006
     15     11     0.226984639084548689E-006
     17     11     0.252205190065524188E-007
     18     11     0.255450549602187493E-009
     19     11     0.252205190065524188E-007
     20     11    -0.240875035524368286E-002
      7     12     0.247724896151879615E-010
      9     12    -0.123862465423174600E-010
     11     12     0.123862465423174600E-010
     12     12     0.100000000049544990E+001
     13     12    -0.123862465423174600E-010
     14     12     0.123862526138496194E-010
     15     12     0.245247600005882305E-009
     18     12     0.157467138287015196E-012
     19     12     0.123862465423174600E-010
     20     12    -0.147715218190569409E-005
      7     13     0.218493417802889699E-010
      9     13    -0.109246752269531700E-010
     11     13     0.109246752269531700E-010
     12     13     0.436986891116930616E-009
     13     13     0.999999999989075294E+000
     14     13     0.109246752269531700E-010
     15     13     0.216308582157154206E-009
     18     13     0.138886027244849997E-012
     19     13     0.109246752269531700E-010
     20     13    -0.130284843180561396E-005
      8     14     0.134532967877021292E-006
     10     14    -0.672664555168012157E-007
     11     14     0.672664555168012157E-007
     12     14     0.672664555168012157E-007
     14     14     0.100000127806288197E+001
     15     14    -0.336332561801100383E-006
     17     14     0.134532967877021292E-006
     18     14     0.466852556613162051E-009
     19     14     0.672664555168012157E-007
     20     14    -0.445353239774703979E-002
      1     15    -0.105402042649416196E-008
      2     15    -0.427747792741684035E-008
      3     15    -0.108828057676646495E-008
      4     15     0.406778610795299838E-008
      5     15     0.169443459263618500E-008
      6     15     0.657559562355913840E-009
     15     15     0.100000000000000000E+001
     18     15     0.152186457880176785E-010
     20     15    -0.139856536407023695E-003
      1     16    -0.513201460494716599E-011
      2     16    -0.208270067858506991E-010
      3     16    -0.529882648175883375E-011
      4     16     0.198060040590419785E-010
      5     16     0.825018438982416669E-011
      6     16     0.320165075007317097E-011
     16     16     0.100000000000000000E+001
     18     16     0.740994722178700549E-013
     20     16    -0.680960113186301896E-006
      1     17    -0.647378328721970320E-007
      2     17    -0.463661024241446285E-006
      3     17    -0.536574191301042447E-006
      4     17     0.772345288169162814E-006
      5     17     0.227178873046796097E-006
      6     17     0.654492851026589051E-007
     17     17     0.100000000000000000E+001
     18     17     0.193124249925347199E-008
     20     17    -0.177477560937404598E-001
      1     18    -0.421819090843200684E-002
      2     18    -0.307043083012103980E-003
      3     18    -0.204841163940727711E-002
      4     18     0.848761294037103653E-003
      5     18    -0.152439999510534108E-003
      6     18    -0.457015703432261876E-004
      7     18    -0.242885644547641321E-002
      8     18     0.407311692833900538E-002
      9     18     0.417594239115715027E-002
     10     18     0.924955355003476143E-003
     11     18     0.822130590677261353E-003
     12     18    -0.495020821690559387E-001
     13     18     0.417594239115715027E-002
     14     18     0.374801829457283020E-001
     15     18    -0.247516334056854213E-001
     17     18     0.407311692833900538E-002
     18     18     0.100001849507680207E+001
     19     18     0.822130590677261353E-003
     20     18    -0.101449234008789105E+003
     26     18    -0.247108759820539315E-016
     27     18    -0.187318964593036208E-012
     28     18     0.488866488523170828E-013
     29     18    -0.304399077287725216E-015
     30     18    -0.128688736294500588E-015
     31     18    -0.279084782974981217E-016
     32     18    -0.331990213098265485E-009
     33     18     0.313951531438760919E-009
     34     18    -0.400604020645684482E-015
     35     18    -0.168621085506289912E-015
     36     18    -0.312503541466613516E-016
     37     18    -0.912322093427064829E-007
     38     18    -0.324413394992006900E-005
     39     18    -0.481240286674873043E-015
     40     18    -0.197670517183739595E-015
     41     18    -0.349479441290019913E-016
     42     18    -0.519145316957292380E-006
     43     18    -0.996902352198958397E-003
     44     18    -0.560672918886013193E-015
     45     18    -0.222669926998341795E-015
     46     18    -0.390387294524360373E-016
     47     18    -0.609966832598729525E-007
     48     18    -0.523835886269807816E-003
     49     18    -0.632230262270056485E-015
     50     18    -0.241994771931711795E-015
     51     18    -0.434373053730786086E-016
     52     18    -0.618966433663103999E-009
     53     18    -0.259382977674249602E-005
     54     18    -0.673145553512465022E-015
     55     18    -0.248874585287548085E-015
     56     18    -0.477846358004123070E-016
     57     18    -0.372001388027065616E-011
     58     18    -0.177629333464324191E-008
     59     18    -0.651793546978078620E-015
     60     18    -0.232712349620988780E-015
     61     18    -0.510311542685604300E-016
     62     18    -0.605743753767651327E-013
     63     18    -0.204659813402008299E-011
     64     18    -0.552136097327110727E-015
     65     18    -0.187715974229370194E-015
     66     18    -0.506979923876036721E-016
     67     18    -0.454819762039058995E-014
     68     18    -0.188182972080553484E-013
     69     18    -0.394321365517662622E-015
     70     18    -0.125923954580213498E-015
     71     18    -0.429686446903407705E-016
     72     18    -0.924877392689338676E-015
     73     18    -0.164546759091812201E-014
     74     18    -0.230533357364177093E-015
     75     18    -0.704231397978901828E-016
     76     18    -0.277217604721877488E-016
     77     18    -0.277506416487111621E-015
     78     18    -0.405663771956108095E-015
     79     18    -0.111357092234917892E-015
     80     18    -0.337526879961975675E-016
     81     18    -0.130874870428721104E-016
     82     18    -0.924003625264686662E-016
     83     18    -0.129694362926238504E-015
     84     18    -0.462553442839242694E-016
     85     18    -0.142592305667647097E-016
     86     18    -0.484089586395428301E-017
     87     18    -0.303287690651588720E-016
     88     18    -0.426509014560020011E-016
     89     18    -0.170672374311413213E-016
     90     18    -0.540460373497753287E-017
     91     18    -0.151727258218764207E-017
     92     18    -0.932421726553353067E-017
     93     18    -0.133668548870526995E-016
     94     18    -0.568166291806849417E-017
     95     18    -0.185403435317023109E-017
     96     18    -0.419734914059287386E-018
     97     18    -0.262596839979145382E-017
     98     18    -0.387090003710213668E-017
     99     18    -0.171583728823099598E-017
    100     18    -0.577740628223693975E-018
    101     18    -0.104115155750518199E-018
    102     18    -0.672056330353661321E-018
    103     18    -0.102322986235360802E-017
    104     18    -0.470628390318743007E-018
    105     18    -0.163797115825619995E-018
    106     18    -0.232651429681729386E-019
    107     18    -0.155733707515664797E-018
    108     18    -0.245814658499666917E-018
    109     18    -0.117282320138713899E-018
    110     18    -0.422695044504793800E-019
    111     18    -0.469178135909784411E-020
    112     18    -0.326722221726895710E-019
    113     18    -0.535939366161056429E-019
    114     18    -0.265689604958465513E-019
    115     18    -0.993638109249680132E-020
    116     18    -0.854503826058203343E-021
    117     18    -0.620642337769059685E-020
    118     18    -0.106033891654214502E-019
    119     18    -0.547264955087070635E-020
    120     18    -0.212817213790163395E-020
    121     18    -0.140561028384256499E-021
    122     18    -0.106721122031293997E-020
    123     18    -0.190391531512348199E-020
    124     18    -0.102530127447263195E-020
    125     18    -0.415414708047462092E-021
    126     18    -0.209008128858455289E-022
    127     18    -0.166236810018517597E-021
    128     18    -0.310300570148572711E-021
    129     18    -0.174750436721377990E-021
    130     18    -0.739407025746089322E-022
     18     19     0.286320550602070512E-010
     19     19     0.100000000000000000E+001
      1     20    -0.401434974151015922E-008
      2     20    -0.961729862414273384E-010
      3     20     0.179096334984585300E-009
      4     20    -0.672982558569401590E-009
      5     20    -0.582545955918334357E-010
      6     20    -0.406592468027433540E-011
      7     20    -0.336647265619660588E-008
      8     20     0.313538595086981786E-008
      9     20     0.401659860926883994E-008
     10     20     0.765672636404701734E-009
     11     20    -0.115543477563484500E-009
     12     20    -0.680951188769540749E-007
     13     20     0.401659860926883994E-008
     14     20     0.281029137738641988E-007
     15     20    -0.336997594274634982E-007
     17     20     0.313538595086981786E-008
     18     20    -0.177142263531326893E-012
     19     20    -0.115543477563484500E-009
     20     20     0.999994139078808075E+000
     26     20     0.925888884357160352E-023
     27     20     0.160245628790320612E-019
     28     20     0.205747709939191701E-021
     29     20     0.379006391756135009E-022
     30     20     0.126502847055117800E-022
     31     20     0.296749782575950325E-022
     32     20     0.264015140401041093E-016
     33     20     0.119248593802020788E-015
     34     20     0.887269094336798409E-022
     35     20     0.242863893208878885E-022
     36     20     0.548506473214949526E-022
     37     20     0.562728032574288939E-014
     38     20     0.209730583594636104E-011
     39     20     0.150307436422698402E-021
     40     20     0.365434071436243710E-022
     41     20     0.737233051309045049E-022
     42     20     0.168193062287987808E-013
     43     20     0.273732148059480096E-009
     44     20     0.194787794014804811E-021
     45     20     0.429939038329548592E-022
     46     20     0.785427782561489962E-022
     47     20    -0.495311833269371921E-015
     48     20     0.836085506383810184E-010
     49     20     0.195887150572320790E-021
     50     20     0.378102294049879312E-022
     51     20     0.682553504762448913E-022
     52     20    -0.369681574128729001E-016
     53     20     0.191118876367163404E-012
     54     20     0.144533782390047495E-021
     55     20     0.198449635849742791E-022
     56     20     0.476634050337859676E-022
     57     20    -0.455052424288004642E-018
     58     20    -0.164086693146510997E-016
     59     20     0.577261652278831342E-022
     60     20    -0.480722527083002986E-023
     61     20     0.236266113033100102E-022
     62     20    -0.118988832516501999E-019
     63     20    -0.197399984042091298E-018
     64     20    -0.273850602001450017E-022
     65     20    -0.242815804248096701E-022
     66     20     0.250929080886113697E-023
     67     20    -0.129458451067237101E-020
     68     20    -0.371796682709845336E-020
     69     20    -0.747888353328046300E-022
     70     20    -0.299606595012553906E-022
     71     20    -0.103770581559553207E-022
     72     20    -0.356643889032674602E-021
     73     20    -0.541363861521814331E-021
     74     20    -0.747786621825708998E-022
     75     20    -0.243150533707400110E-022
     76     20    -0.123817272655210603E-022
     77     20    -0.137501977255103311E-021
     78     20    -0.187670829767420091E-021
     79     20    -0.503014568750409112E-022
     80     20    -0.153213448536238790E-022
     81     20    -0.794892456816241140E-023
     82     20    -0.567143406764104557E-022
     83     20    -0.766151934787978330E-022
     84     20    -0.266372074402209873E-022
     85     20    -0.808598836158365698E-023
     86     20    -0.364540986228224898E-023
     87     20    -0.224860320303307789E-022
     88     20    -0.307295780027924211E-022
     89     20    -0.119897975019801006E-022
     90     20    -0.371407704863811717E-023
     91     20    -0.136428050417728003E-023
     92     20    -0.819719487225356823E-023
     93     20    -0.114532103699442393E-022
     94     20    -0.474808279104380017E-023
     95     20    -0.151275517059254700E-023
     96     20    -0.441792132941971586E-024
     97     20    -0.269787274141965190E-023
     98     20    -0.387940257284981072E-023
     99     20    -0.167746222785454709E-023
    100     20    -0.551212218788203283E-024
    101     20    -0.126586241485713300E-024
    102     20    -0.797312563744323421E-024
    103     20    -0.118449752615560100E-023
    104     20    -0.531507853882366545E-024
    105     20    -0.180518147081538393E-024
    106     20    -0.323367366262989176E-025
    107     20    -0.211210161105745994E-024
    108     20    -0.325328998326313496E-024
    109     20    -0.151442804874968103E-024
    110     20    -0.532644799662016329E-025
    111     20    -0.739022152343345569E-026
    112     20    -0.502173136675349915E-025
    113     20    -0.803890184579669370E-025
    114     20    -0.388845779624727792E-025
    115     20    -0.141919374041324786E-025
    116     20    -0.151385258088229894E-026
    117     20    -0.107295097945768405E-025
    118     20    -0.178897444677713486E-025
    119     20    -0.900934620544793834E-026
    120     20    -0.341920974160358999E-026
    121     20    -0.278230432380874221E-027
    122     20    -0.206143047896155014E-026
    123     20    -0.358919385923916293E-026
    124     20    -0.188602197963760983E-026
    125     20    -0.745778430144052656E-027
    126     20    -0.459536995863002508E-028
    127     20    -0.356671825678816389E-027
    128     20    -0.649772363160304458E-027
    129     20    -0.357066448724421289E-027
    130     20    -0.147452590993813804E-027
     21     21     0.100000000000000000E+001
     22     22     0.100000000000000000E+001
     23     23     0.100000000000000000E+001
     24     24     0.100000000000000000E+001
     25     25     0.100000000000000000E+001
      1     26     0.781199514865875244E+000
      2     26    -0.720168352127075195E+000
     21     26    -0.565384492187500000E+005
     26     26     0.174045634269714400E+001
      2     27    -0.830880999565124512E-001
      3     27     0.830495357513427734E-001
     20     27    -0.577172660827636719E+001
     22     27    -0.544988281250000000E+005
     27     27     0.942069701850414276E+000
      3     28     0.239369459450244904E-001
      4     28    -0.238650627434253693E-001
     11     28     0.718827068340033293E-004
     23     28    -0.524606210937500000E+005
     28     28     0.104908626154065110E+001
      4     29     0.136658310890197809E+000
      5     29    -0.128117144107818604E+000
     24     29    -0.504583867187500000E+005
     29     29     0.115183186531066895E+001
      5     30     0.449036806821823120E-001
      6     30    -0.447633489966392517E-001
     25     30    -0.484461601562500000E+005
     30     30     0.107002598047256492E+001
      1     31     0.103676509857177690E+001
      2     31    -0.119876003265380904E+001
     11     31    -0.172794342041015597E+000
     21     31    -0.561147812500000000E+005
     31     31     0.221556091308593706E+001
      2     32    -0.162960767745971707E+000
      3     32     0.162960767745971707E+000
     20     32    -0.211695556640625000E+002
     22     32    -0.540871835937500000E+005
     32     32     0.862196683883666992E+000
      3     33     0.139964260160923004E-001
      4     33    -0.139964260160923004E-001
     18     33    -0.200701492758526001E-006
     20     33     0.184408378601074197E+001
     23     33    -0.520743671875000000E+005
     33     33     0.103915383294224695E+001
      4     34     0.218947708606719998E+000
      5     34    -0.205263435840606689E+000
     11     34     0.182456411421299015E-001
     24     34    -0.500706093750000000E+005
     34     34     0.123118048906326294E+001
      5     35     0.738607645034790039E-001
      6     35    -0.740705728530883789E-001
     25     35    -0.480702187500000000E+005
     35     35     0.109935140609741211E+001
      1     36     0.138915252685546897E+001
      2     36    -0.133127117156982400E+001
     21     36    -0.556794570312500000E+005
     36     36     0.236736488342285201E+001
      2     37    -0.216264009475708008E+000
      3     37     0.216264009475708008E+000
     20     37    -0.432606964111328125E+002
     22     37    -0.536641015625000000E+005
     37     37     0.808893382549285889E+000
      3     38    -0.182402543723583187E-001
      4     38     0.182402543723583187E-001
     20     38    -0.364634799957275391E+001
     23     38    -0.516633085937500000E+005
     38     38     0.100691716000437692E+001
      4     39     0.233422756195068387E+000
      5     39    -0.227587223052978488E+000
     24     39    -0.496714179687500000E+005
     39     39     0.125200611352920510E+001
      5     40     0.826973319053649902E-001
      6     40    -0.834993124008178711E-001
     25     40    -0.476828398437500000E+005
     40     40     0.110864871740341209E+001
      1     41     0.118843841552734397E+001
      2     41    -0.121673488616943404E+001
     21     41    -0.552329101562500000E+005
     41     41     0.223984241485595703E+001
      2     42    -0.230306267738342313E+000
      3     42     0.230306267738342313E+000
     18     42     0.681792243995005265E-005
     20     42    -0.626554260253906179E+002
     22     42    -0.532297656250000000E+005
     42     42     0.794851183891296387E+000
      3     43    -0.530172102153301170E-001
      4     43     0.530172102153301170E-001
     20     43    -0.143107547760009801E+002
     23     43    -0.512410000000000000E+005
     43     43     0.972140207886695862E+000
      4     44     0.203521609306335394E+000
      5     44    -0.200129628181457492E+000
     24     44    -0.492611640625000000E+005
     44     44     0.122518628835678101E+001
      5     45     0.749192833900451660E-001
      6     45    -0.757129192352294922E-001
     25     45    -0.472844257812500000E+005
     45     45     0.110082620382309004E+001
      1     46     0.962069332599639893E+000
      2     46    -0.930236399173736572E+000
     21     46    -0.547754843750000000E+005
     46     46     0.195581746101379395E+001
      2     47    -0.207740545272827093E+000
      3     47     0.207740545272827093E+000
     20     47    -0.718440551757812500E+002
     22     47    -0.527847695312500000E+005
     47     47     0.817416906356811523E+000
      3     48    -0.741983652114868164E-001
      4     48     0.741983652114868164E-001
     20     48    -0.253545837402343714E+002
     23     48    -0.508080585937500000E+005
     48     48     0.950959004461765289E+000
      4     49     0.156929850578308105E+000
      5     49    -0.148630678653717013E+000
     24     49    -0.488402460937500000E+005
     49     49     0.117370963096618697E+001
      5     50     0.578207299113273621E-001
      6     50    -0.581895001232624123E-001
     25     50    -0.468753710937500000E+005
     50     50     0.108332991600036599E+001
      1     51     0.668504953384399414E+000
      2     51    -0.612796247005462646E+000
     11     51     0.111417531967163100E+000
     21     51    -0.543073984375000000E+005
     51     51     0.164291000366210893E+001
      2     52    -0.162572622299194308E+000
      3     52     0.162572622299194308E+000
     20     52    -0.685102233886718750E+002
     22     52    -0.523289218750000000E+005
     52     52     0.862584769725799561E+000
      3     53    -0.763678550720214844E-001
      4     53     0.763678550720214844E-001
     20     53    -0.317105712890625000E+002
     23     53    -0.503646640625000000E+005
     53     53     0.948789533227682114E+000
      4     54     0.887135863304138184E-001
      5     54    -0.942581892013549805E-001
     24     54    -0.484086640625000000E+005
     54     54     0.111990225315093994E+001
      5     55     0.397058054804801872E-001
      6     55    -0.387569516897201469E-001
     11     55    -0.186850912868976593E-001
     25     55    -0.464556289062500000E+005
     55     55     0.106392204761505105E+001
      1     56     0.406269550323486273E+000
      2     56    -0.361833810806274414E+000
     21     56    -0.538286445312500000E+005
     56     56     0.138521558046340898E+001
      2     57    -0.111913800239563002E+000
      3     57     0.111906409263610798E+000
     20     57    -0.554209289550781179E+002
     22     57    -0.518628125000000000E+005
     57     57     0.913243830204010010E+000
      3     58    -0.638895034790039062E-001
      4     58     0.638895034790039062E-001
     18     58     0.341024497174657881E-005
     20     58    -0.313393707275390589E+002
     23     58    -0.499105781250000000E+005
     58     58     0.961267873644828796E+000
      4     59     0.538999252021312714E-001
      5     59    -0.518786571919918130E-001
     24     59    -0.479668203125000000E+005
     59     59     0.107738757133483909E+001
      5     60     0.230579301714897190E-001
      6     60    -0.226576179265975987E-001
     25     60    -0.460254375000000000E+005
     60     60     0.104776912182569504E+001
      1     61     0.191204011440277100E+000
      2     61    -0.185228884220123291E+000
     21     61    -0.533398750000000000E+005
     61     61     0.121064549684524492E+001
      2     62    -0.683112740516662598E-001
      3     62     0.684081315994262695E-001
     20     62    -0.290174713134765589E+002
     22     62    -0.513864375000000000E+005
     62     62     0.956853818148374557E+000
      3     63    -0.453118532896041870E-001
      4     63     0.453118532896041870E-001
     18     63     0.278936659015016588E-005
     20     63    -0.255021667480468714E+002
     23     63    -0.494437226562500000E+005
     63     63     0.979846086353063583E+000
      4     64     0.231977440416812897E-001
      5     64    -0.246476009488105809E-001
     24     64    -0.475147148437500000E+005
     64     64     0.104996958747506097E+001
      5     65     0.114345625042915292E-001
      6     65    -0.115366578102111799E-001
     25     65    -0.455853828125000000E+005
     65     65     0.103674193099141099E+001
      1     66     0.972205996513366699E-001
      2     66    -0.850680470466613770E-001
     21     66    -0.528410000000000000E+005
     66     66     0.111003625392913796E+001
      2     67    -0.370896980166435172E-001
      3     67     0.368472933769226074E-001
     22     67    -0.509004179687500000E+005
     67     67     0.988015431910753250E+000
      3     68    -0.278838761150836910E-001
      4     68     0.278838761150836910E-001
     18     68     0.217842898564413190E-005
     20     68    -0.182739715576171911E+002
     23     68    -0.488280859375000000E+005
     68     68     0.997323069954290986E+000
      5     69    -0.101890712976455706E-001
     24     69    -0.470529609375000000E+005
     69     69     0.103517695888876893E+001
      5     70     0.498403236269950867E-002
      6     70    -0.513978302478790283E-002
     25     70    -0.451352578125000000E+005
     70     70     0.103036138415336609E+001
      1     71     0.116830468177795396E+000
      2     71    -0.292076170444488491E-001
     21     71    -0.523326640625000000E+005
     71     71     0.105976428464055106E+001
      2     72    -0.180264897644519806E-001
      3     72     0.233857184648513794E-001
     22     72    -0.504047500000000000E+005
     72     72     0.100709288939833597E+001
      3     73    -0.183612145483493805E-001
      4     73     0.183612145483493805E-001
     23     73    -0.495080468750000000E+005
     73     73     0.101015335693955399E+001
      4     74     0.238139852881431614E-001
      5     74    -0.446512177586555481E-002
     24     74    -0.465817460937500000E+005
     74     74     0.102847662568092302E+001
      6     75    -0.197719340212643103E-002
     25     75    -0.446756679687500000E+005
     75     75     0.102719328552484490E+001
      2     76    -0.115763470530509897E-001
     21     76    -0.518148671875000000E+005
     76     76     0.103775429725646995E+001
      2     77    -0.747762992978096008E-002
     22     77    -0.498997539062500000E+005
     77     77     0.101727709546685197E+001
     23     78    -0.438883750000000000E+005
     78     78     0.101799948513507799E+001
      5     79    -0.297839730046689510E-002
     24     79    -0.461010156250000000E+005
     79     79     0.102597018331289291E+001
     25     80    -0.442068046875000000E+005
     80     80     0.102583965286612511E+001
     21     81    -0.512877695312500000E+005
     81     81     0.102925540506839797E+001
      2     82    -0.434722751379013062E-002
     22     82    -0.493856210937500000E+005
     82     82     0.102206797152757600E+001
     23     83    -0.344926250000000000E+005
     83     83     0.102211799472570397E+001
     24     84    -0.456112265625000000E+005
     84     84     0.102523862570524193E+001
      6     85    -0.140839349478483200E-002
     25     85    -0.437286679687500000E+005
     85     85     0.102534606307745002E+001
     21     86    -0.507520156250000000E+005
     86     86     0.102635006234049797E+001
     22     87    -0.488615195312500000E+005
     87     87     0.102406750619411491E+001
     23     88    -0.105155625000000000E+006
     88     88     0.102400381863117196E+001
      5     89     0.189956836402416195E-001
     24     89    -0.451125664062500000E+005
     89     89     0.102510472387075402E+001
      6     90     0.371979712508618788E-002
     25     90    -0.432418437500000000E+005
     90     90     0.102519612759351708E+001
     21     91    -0.502075742187500000E+005
     91     91     0.102546809613704704E+001
     22     92    -0.483366406250000000E+005
     92     92     0.102481091022491499E+001
     93     93     0.102476476877927802E+001
     24     94    -0.446054062500000000E+005
     94     94     0.102511508762836501E+001
     25     95    -0.427463398437500000E+005
     95     95     0.102516062930226304E+001
     21     96    -0.496548476562500000E+005
     96     96     0.102522982656955697E+001
     22     97    -0.477840468750000000E+005
     97     97     0.102505806088447593E+001
     98     98     0.102503732964396499E+001
     24     99    -0.440899609375000000E+005
     99     99     0.102513788267970107E+001
     25    100    -0.422425468750000000E+005
    100    100     0.102515559270977996E+001
     21    101    -0.490940000000000000E+005
    101    101     0.102517251297831491E+001
     22    102    -0.472000000000000000E+005
    102    102     0.102513168752193495E+001
    103    103     0.102512434870004698E+001
     24    104    -0.435664453125000000E+005
    104    104     0.102515039592981294E+001
     25    105    -0.417304414062500000E+005
    105    105     0.102515617758035704E+001
     21    106    -0.485254765625000000E+005
    106    106     0.102516022697091103E+001
     22    107    -0.467178828125000000E+005
    107    107     0.102515139803290389E+001
    108    108     0.102514920383691810E+001
     24    109    -0.430350195312500000E+005
    109    109     0.102515529468655608E+001
     25    110    -0.412104531250000000E+005
    110    110     0.102515692636370703E+001
     21    111    -0.479492617187500000E+005
    111    111     0.102515788376331307E+001
     22    112    -0.464097148437500000E+005
    112    112     0.102515614405274391E+001
    113    113     0.102515557408332803E+001
     24    114    -0.424960859375000000E+005
    114    114     0.102515685930848099E+001
     25    115    -0.406829843750000000E+005
    115    115     0.102515726536512397E+001
     21    116    -0.473659335937500000E+005
    116    116     0.102515748515725091E+001
     22    117    -0.488831132812500000E+005
    117    117     0.102515717223286607E+001
    118    118     0.102515704184770606E+001
     24    119    -0.419496679687500000E+005
    119    119     0.102515728771686598E+001
     25    120    -0.401478164062500000E+005
    120    120     0.102515737712383292E+001
     21    121    -0.467755273437500000E+005
    121    121     0.102515742182731606E+001
     22    122    -0.948033750000000000E+005
    122    122     0.102515737339854196E+001
    123    123     0.102515734732151009E+001
     24    124    -0.413961679687500000E+005
    124    124     0.102515738829970404E+001
     25    125    -0.396057265625000000E+005
    125    125     0.102515740692615509E+001
     21    126    -0.461784375000000000E+005
    126    126     0.102515741437673591E+001
    127    127     0.102515740692615509E+001
    128    128     0.102515740320086501E+001
     24    129    -0.408359296875000000E+005
    129    129     0.102515741065144494E+001
     25    130    -0.390563671875000000E+005
    130    130     0.102515741065144494E+001
