    9.99999999999997779554e-01
    1.00769230769230522249e+00
    1.01538461538461510791e+00
    1.02307692307692232880e+00
    1.03076923076923065992e+00
    1.03846153846153854694e+00
    1.04615384615384643396e+00
    1.05384615384615387690e+00
    1.06153846153846131983e+00
    1.06923076923076965095e+00
    1.07692307692307642775e+00
    1.08461538461538475886e+00
    1.09230769230769220179e+00
    1.10000000000000008882e+00
    1.10769230769230775380e+00
    1.11538461538461541878e+00
    1.12307692307692308376e+00
    1.13076923076923074873e+00
    1.13846153846153841371e+00
    1.14615384615384274802e+00
    1.15384615377527555147e+00
    1.16153846146754879953e+00
    1.16923076928293512289e+00
    1.17692307668391826780e+00
    1.18461538500205976199e+00
    1.19230769230769206857e+00
    1.19999999999999995559e+00
    1.20769230769230762057e+00
    1.21538461538461528555e+00
    1.22307692307692295053e+00
    1.23076923076923061551e+00
    1.23846153846153828049e+00
    1.24615384615384594547e+00
    1.25384615384615405453e+00
    1.26153846153846149747e+00
    1.26923076923076916245e+00
    1.27692307692307682743e+00
    1.28461538461538471445e+00
    1.29230769230769237943e+00
    1.29999999999999982236e+00
    1.30769230769230770939e+00
    1.31538461538461515232e+00
    1.32307692307692303935e+00
    1.33076923076923070433e+00
    1.33846153846153836930e+00
    1.34615384615384625633e+00
    1.35384615384615369926e+00
    1.36153846153846158629e+00
    1.36923076923076925127e+00
    1.37692307692307691624e+00
    1.38461538461538480327e+00
    1.39230769230769224620e+00
    1.39999999999999991118e+00
    1.40769230769230779821e+00
    1.41538461538461524114e+00
    1.42307692307692290612e+00
    1.43076923076923057110e+00
    1.43846153846153823608e+00
    1.44615384615384590106e+00
    1.45384615384615356604e+00
    1.46153846153846145306e+00
    1.46923076923076934008e+00
    1.47692307692307700506e+00
    1.48461538461538467004e+00
    1.49230769230769233502e+00
    1.50000000000000000000e+00
    1.50769230769230766498e+00
    1.51538461538461532996e+00
    1.52307692307692299494e+00
    1.53076923076923088196e+00
    1.53846153846153854694e+00
    1.54615384615384621192e+00
    1.55384615384615365485e+00
    1.56153846153846154188e+00
    1.56923076923076898481e+00
    1.57692307692307687184e+00
    1.58461538461538431477e+00
    1.59230769230769242384e+00
    1.60000000000000008882e+00
    1.60769230769230775380e+00
    1.61538461538461541878e+00
    1.62307692307692308376e+00
    1.63076923076923074873e+00
    1.63846153846153863576e+00
    1.64615384615384607869e+00
    1.65384615384615374367e+00
    1.66153846153846140865e+00
    1.66923076923076929567e+00
    1.67692307692307673861e+00
    1.68461538461538440359e+00
    1.69230769230769229061e+00
    1.69999999999999995559e+00
    1.70769230769230739853e+00
    1.71538461538461550759e+00
    1.72307692307692317257e+00
    1.73076923076923083755e+00
    1.73846153846153828049e+00
    1.74615384615384616751e+00
    1.75384615384615383249e+00
    1.76153846153846149747e+00
    1.76923076923076916245e+00
    1.77692307692307682743e+00
    1.78461538461538471445e+00
    1.79230769230769237943e+00
    1.79999999999999982236e+00
    1.80769230769230770939e+00
    1.81538461538461537437e+00
    1.82307692307692303935e+00
    1.83076923076923070433e+00
    1.83846153846153859135e+00
    1.84615384615384603428e+00
    1.85384615384615369926e+00
    1.86153846153846158629e+00
    1.86923076923076925127e+00
    1.87692307692307691624e+00
    1.88461538461538458122e+00
    1.89230769230769224620e+00
    1.89999999999999991118e+00
    1.90769230769230779821e+00
    1.91538461538461546319e+00
    1.92307692307692312816e+00
    1.93076923076923079314e+00
    1.93846153846153845812e+00
    1.94615384615384612310e+00
    1.95384615384615378808e+00
    1.96153846153846145306e+00
    1.96923076923076911804e+00
    1.97692307692307678302e+00
    1.98461538461538444800e+00
    1.99230769230769255707e+00
