!File started at: 2005/05/12 10:59:29
 Degrees of freedom: 
 temperature 1  :fs
 Total DOFs:  1
Time:       1      1 0.100000000000E+001
temperature
 1 77 0.000000000000000
 2 115 0.000000000000000
 3 12 0.000000000000000
 4 81 0.000000000000000
 5 85 0.000000000000000
 6 89 0.000000000000000
 7 93 0.000000000000000
 8 97 0.000000000000000
 9 101 0.000000000000000
 10 103 0.000000000000000
 11 107 0.000000000000000
 12 110 0.000000000000000
 13 118 0.000000000000000
 14 120 0.000000000000000
 15 121 0.000000000000000
 16 1 0.000000000000000
 17 2 0.000000000000000
 18 5 0.000000000000000
 19 6 0.000000000000000
 20 17 0.000000000000000
 21 23 0.000000000000000
 22 29 0.000000000000000
 23 35 0.000000000000000
 24 43 0.000000000000000
 25 51 0.000000000000000
 26 60 0.000000000000000
 27 67 0.000000000000000
 28 73 0.000000000000000
 29 11 0.00795866354323734
 30 114 0.00811934644239593
 31 50 0.0377664078549470
 32 92 0.0375527355274431
 33 80 0.0519820399327212
 34 76 0.0746210384634253
 35 79 0.0952751438176089
 36 75 0.112519662946614
 37 70 0.104123752417483
 38 69 0.129097551128998
 39 78 0.122839350933133
 40 63 0.125574150205695
 41 62 0.140218777219109
 42 54 0.137299688776337
 43 53 0.144294916035375
 44 61 0.147058534113048
 45 105 0.0285918245892569
 46 28 0.0285377895496764
 47 82 0.111908415278688
 48 44 0.140159854470478
 49 46 0.134310199403199
 50 52 0.145155707476048
 51 36 0.130659578340857
 52 45 0.123759306806135
 53 4 0.0233715817027788
 54 119 0.0231914742925566
 55 32 0.110937400617005
 56 25 0.0965750053977131
 57 66 0.0445040413718412
 58 102 0.0759763574907850
 59 106 0.0665753085718675
 60 98 0.0834483673151404
 61 40 0.111553727110960
 62 39 0.0980016874735650
 63 65 0.103464896267358
 64 49 0.0931983147304929
 65 99 0.0601419095656690
 66 111 0.0541862132633160
 67 18 0.0753165032748071
 68 13 0.0576132422943247
 69 19 0.0668305347024579
 70 14 0.0487053282291956
 71 20 0.0520772948503133
 72 26 0.0692940517663995
 73 15 0.0342748684222323
 74 48 0.0754676052197261
 75 38 0.0825859154810444
 76 58 0.0640098737866408
 77 57 0.0855302232069884
 78 41 0.0566073649473194
 79 109 0.0464023253612640
 80 113 0.0360569895391304
 81 108 0.0238648276103778
 82 31 0.0992671615251566
 83 90 0.0960878121951159
 84 86 0.103078237686562
 85 87 0.0752225969112623
 86 83 0.0827803558020944
 87 96 0.0349975127945232
 88 104 0.0541387885682892
 89 3 0.0270663415120821
 90 95 0.0651454255880181
 91 94 0.0898677693952386
 92 24 0.0829767873978431
 93 37 0.122685886170721
 94 91 0.0698642591265228
 95 100 0.0321450059433894
 96 74 0.134161140953060
 97 68 0.142987823079436
 98 88 0.0403092155129478
 99 84 0.0442157013697613
 100 72 0.0523254915648007
 101 56 0.124240235282774
 102 55 0.106033170154105
 103 47 0.109626771369394
 104 34 0.0322307295331586
 105 30 0.0852672279420945
 106 33 0.0659044456518061
 107 112 0.0188707353022564
 108 117 0.0194997517684410
 109 10 0.0170251021297619
 110 27 0.0510470450933323
 111 64 0.0790700051894017
 112 22 0.0196552893720278
 113 16 0.0173531846497930
 114 42 0.0277789496493380
 115 8 0.0410645245462490
 116 59 0.0315969652810778
 117 7 0.0457740429095304
 118 9 0.0327115182099584
 119 116 0.0415825697097692
 120 71 0.0734870174957499
 121 21 0.0361281757795886
